0 0 1 0.864 524 190 582 381 -1 -1 -1 -1
0 0 2 0.846 632 159 726 435 -1 -1 -1 -1
0 0 3 0.834 448 221 500 364 -1 -1 -1 -1
0 0 4 0.834 776 180 865 431 -1 -1 -1 -1
0 0 5 0.823 329 217 393 392 -1 -1 -1 -1
0 0 6 0.798 235 217 283 363 -1 -1 -1 -1
0 0 7 0.772 286 197 339 360 -1 -1 -1 -1
0 0 8 0.765 742 214 784 346 -1 -1 -1 -1
0 26 9 0.759 781 229 841 336 -1 -1 -1 -1
0 0 10 0.752 396 228 456 374 -1 -1 -1 -1
0 0 1 0.864 524 190 582 381 -1 -1 -1 -1
0 0 2 0.846 632 159 726 435 -1 -1 -1 -1
0 0 3 0.834 448 221 500 364 -1 -1 -1 -1
0 0 4 0.834 776 180 865 431 -1 -1 -1 -1
0 0 5 0.823 329 217 393 392 -1 -1 -1 -1
0 0 6 0.798 235 217 283 363 -1 -1 -1 -1
0 0 7 0.772 286 197 339 360 -1 -1 -1 -1
0 0 8 0.765 742 214 784 346 -1 -1 -1 -1
0 26 9 0.759 781 229 841 336 -1 -1 -1 -1
0 0 10 0.752 396 228 456 374 -1 -1 -1 -1
0 0 1 0.864 524 190 582 381 -1 -1 -1 -1
0 0 2 0.846 632 159 726 435 -1 -1 -1 -1
0 0 3 0.834 448 221 500 364 -1 -1 -1 -1
0 0 4 0.834 776 180 865 431 -1 -1 -1 -1
0 0 5 0.823 329 217 393 392 -1 -1 -1 -1
0 0 6 0.798 235 217 283 363 -1 -1 -1 -1
0 0 7 0.772 286 197 339 360 -1 -1 -1 -1
0 0 8 0.765 742 214 784 346 -1 -1 -1 -1
0 26 9 0.759 781 229 841 336 -1 -1 -1 -1
0 0 10 0.752 396 228 456 374 -1 -1 -1 -1
